          66
  -1.89919996    
  -1.65820003    
  -9.74000022E-02
  -2.96600008    
 -0.192200005    
  0.503199995    
  -1.42999995    
 -0.849300027    
  0.349400014    
  -3.10249996    
   1.66470003    
  -1.21870005    
   1.17920005    
 -0.317299992    
   9.67999995E-02
  -1.01499999    
  0.157399997    
  -6.00990009    
  0.655600011    
  -4.21169996    
 -0.154499993    
  -1.21239996    
  0.767300010    
  -4.61889982    
  -1.44470000    
  -1.62310004    
  -4.56000008E-02
 -0.442900002    
 -0.371300012    
  -3.49869990    
  0.213699996    
  -2.31019998    
   1.33490002    
 -0.646399975    
  0.314700007    
  -1.25259995    
 -0.552500010    
  -2.02259994    
  -4.04600000    
  0.515799999    
  -1.85039997    
 -0.303400010    
   2.72000004E-02
  0.886600018    
  -2.51099992    
   1.61310005    
 -0.920099974    
  -2.55979991    
  -1.37960005    
  -1.00070000    
  -1.66509998    
 -0.206900001    
  -4.32049990    
 -0.931699991    
  -1.21669996    
  -1.56019998    
 -0.534399986    
 -0.315400004    
 -0.940500021    
  -4.18230009    
  0.684099972    
  -1.69130003    
  -3.70930004    
   2.11170006    
  -3.92569995    
  -3.20790005    
