          66
  -5.85995833712901     
  -1.88607245623184     
   1.17069545321508     
  -6.06109754582281     
   6.94071693098069     
   3.27044515335607     
   3.46365249963737     
   3.27998949184642     
  -2.19581900013991     
 -7.913496633664807E-002
  -6.17802699156627     
   1.92053435142815     
 -0.175111549025743     
 -0.929719380612466     
  0.633117747172273     
   2.19816563394279     
 -0.400197550473781     
 -0.209804827907290     
  0.591604615784169     
  -1.30738031506327     
  -1.70158296026271     
 -0.833270915760404     
 -0.525283660948909     
   1.42503570001191     
   2.10965180295828     
 -0.504682840021624     
  5.681023159275539E-002
  9.653212724669957E-002
 -0.576601013982411     
  0.717251320742227     
 -0.923690916665285     
  3.188794262657083E-002
   1.29083431913881     
   1.64130757708774     
  0.788699745425167     
  0.391541076729905     
 -0.386680790705614     
  0.373486159177274     
  3.341944241364209E-002
  -1.59667704291906     
 -4.752744079663153E-002
 -0.132765924215905     
  1.504491058562188E-002
   1.01518807451782     
   1.17069536604095     
  0.954047240062026     
   1.15515219773683     
   1.69360053630229     
   1.45154158093543     
   1.03719910779824     
 -0.147708032840364     
 -0.568074982879807     
  0.562774366358468     
 -0.490491034800323     
 -0.703814239005566     
   1.10462644823975     
 -0.133858897596235     
  -3.09682945228163     
  0.133521375102006     
  0.697098462122330     
   1.14475438440849     
 -0.150448537566214     
   1.27521775862602     
  -2.99218364619816     
  -1.45272922337249     
  -2.32149114481342     
